0.093408
0.483847
0.431737
0.697721
0.645526
0.514346
0.466363
0.171585
0.223773
0.750261
0.229425
0.897894
0.387312
0.702906
0.924106
0.409251
0.704952
0.864424
0.371988
0.870516
0.696375
0.095381
0.858667
0.762833
0.333430
0.612561
0.047442
0.596466
0.724300
0.383976
0.436108
0.587950
0.003143
0.215041
0.301140
0.474278
0.313019
0.929977
0.624411
0.546201
0.561270
0.757658
0.749950
0.574099
0.367007
0.029317
0.202875
0.727548
0.299578
0.174837
0.233563
0.445175
0.053121
0.293084
0.517732
0.039013
0.205908
0.332718
0.089403
0.676634
0.481183
0.393152
0.065374
0.220976
0.192717
0.883756
0.546034
0.421980
0.104337
0.496239
0.457399
0.962216
0.317719
0.731058
0.790455
0.572358
0.599404
0.615816
0.858399
0.673831
0.153765
0.535765
0.183773
0.906507
0.750736
0.329678
0.945987
0.467285
0.510241
0.865999
0.428687
0.394310
0.950082
0.496029
0.746677
0.808290
0.556882
0.749106
0.240467
0.702764
0.936906
0.397165
0.743218
0.524547
0.938545
0.198402
0.400174
0.235288
0.784564
0.405718
0.745942
0.524054
0.409067
0.099749
0.745779
0.531361
0.421103
0.586143
0.222100
0.755952
0.480229
0.177237
0.287815
0.769097
0.443979
0.160115
0.567439
0.238560
0.168452
0.258741
0.748154
0.723773
0.677112
0.788586
0.221316
0.830852
0.934702
0.527202
0.654251
0.668370
0.779003
0.941945
0.668792
0.281599
0.944637
0.095622
0.996902
0.727308
0.427461
0.230578
0.835177
0.977944
0.520072
0.954869
0.963924
0.671306
0.552760
0.706314
0.084647
0.859023
0.436636
0.384964
0.920635
0.509036
0.407766
0.671220
0.363623
0.663789
0.498942
0.156101
0.774036
0.451853
0.081606
0.393873
0.348190
0.550680
0.178615
0.322742
0.631723
0.859774
0.311258
0.566316
0.014861
0.817651
0.646656
0.407685
0.326082
0.460953
0.328534
0.081411
0.217790
0.077879
0.211088
0.843261
0.960125
0.348081
0.494298
0.289765
0.025758
0.328213
0.280308
0.023573
0.797607
0.393761
0.860024
0.152642
0.664625
0.874869
0.998705
0.015739
0.468029
0.342747
0.502575
0.326698
0.818476
0.941373
0.834690
0.329704
0.145894
0.885391
0.656534
0.473311
0.030741
0.869064
0.517401
0.981374
0.825260
0.838139
0.054338
0.291436
0.569277
0.896306
0.930320
0.978482
0.585513
0.281122
0.685439
0.084489
0.767829
0.330246
0.726810
0.099708
0.821883
0.861075
0.706889
0.873466
0.192446
0.403668
0.425568
0.901625
0.368438
0.847284
0.463640
0.058610
0.460845
0.661793
0.044121
0.385746
0.755141
0.457823
0.958592
0.695490
0.171164
0.809369
0.315817
0.382076
0.720790
0.968743
0.073275
0.281504
0.515239
0.217049
0.762968
0.787124
0.756044
0.015828
0.806330
0.478020
0.606745
0.347412
0.122590
0.146331
0.569569
0.765747
0.890501
0.537130
0.661256
0.769989
0.615194
0.114354
0.569872
0.390347
0.600973
0.866093
0.754796
0.919483
0.880900
0.082887
0.034919
0.099341
0.938367
0.557278
0.310783
0.148977
0.243510
0.858362
0.656458
0.120545
0.400664
0.467134
0.022836
0.166163
0.774641
0.972007
0.672643
0.527334
0.223911
0.802211
0.401061
0.073222
0.647448
0.606432
0.137968
0.324813
0.210233
0.226283
0.213825
0.589568
0.765792
0.138890
0.952303
0.009552
0.520675
0.819606
0.346071
0.186046
0.387731
0.630861
0.854082
0.899092
0.741496
0.030618
0.345929
0.939213
0.414639
0.787105
0.813291
0.096940
0.525694
0.588956
0.333459
0.943328
0.983619
0.671709
0.366486
0.811356
0.879925
0.879606
0.595771
0.863937
0.465510
0.435652
0.818079
0.279803
0.636359
0.519759
0.539684
0.675779
0.307851
0.816288
0.198368
0.052580
0.041359
0.114380
0.127389
0.162261
0.968709
0.869713
0.229596
0.990129
0.180307
0.529700
0.641722
0.671908
0.589050
0.906779
0.121595
0.657594
0.314009
0.202388
0.061720
0.987588
0.288277
0.756056
0.963063
0.250732
0.781559
0.305463
0.200591
0.806831
0.100422
0.684620
0.463333
0.089217
0.760308
0.634909
0.532992
0.792793
0.676339
0.565893
0.066226
0.896513
0.517744
0.905297
0.641514
0.113763
0.936780
0.104982
0.181307
0.118407
0.375775
0.009899
0.972506
0.184454
0.474950
0.698269
0.657950
0.527600
0.070069
0.406009
0.744354
0.123453
0.594421
0.660517
0.958575
0.019886
0.543734
0.219893
0.342569
0.200645
0.333614
0.859263
0.446301
0.961249
0.871653
0.382404
0.254880
0.224011
0.799509
0.266601
0.991842
0.238665
0.390967
0.038124
0.452546
0.321948
0.447095
0.944542
0.087846
0.599291
0.499636
0.288604
0.986514
0.809774
0.238120
0.159845
0.804264
0.259845
0.731068
0.618044
0.295992
0.232123
0.082283
0.185213
0.952525
0.501860
0.832578
0.280379
0.584544
0.718379
0.674660
0.202816
0.356546
0.440212
0.296934
0.964611
0.104140
0.928129
0.337793
0.396644
0.365951
0.771232
0.990604
0.938725
0.670704
0.442862
0.488351
0.329499
0.766576
0.316737
0.284368
0.576039
0.888175
0.702093
0.585494
0.383511
0.287002
0.332048
0.927547
0.120389
0.773062
0.083133
0.486429
0.857737
0.372320
0.098384
0.909529
0.062893
0.476027
0.512317
0.101514
0.163169
0.393582
0.339366
0.328261
0.813106
0.202441
0.127028
0.608385
0.207051
0.549082
0.604309
0.446551
0.055588
0.099279
0.709954
0.378517
0.762596
0.867316
0.964166
0.314884
0.613434
0.341146
0.479840
0.207254
0.288933
0.859220
0.863544
0.773867
0.761431
0.617148
0.104305
0.608208
0.202647
0.127640
0.213642
0.037378
0.486483
0.427333
0.538998
0.146746
0.541473
0.553696
0.275972
0.344878
0.030266
0.241993
0.199488
0.977911
0.185021
0.011155
0.034199
0.437137
0.776516
0.340492
0.717911
0.422605
0.746444
0.230251
0.814473
0.512590
0.842318
0.682137
0.465436
0.909804
0.511612
0.350418
0.641563
0.091186
0.402733
0.975891
0.457428
0.931727
0.404748
0.863972
0.606989
0.829232
0.893607
0.614244
0.869641
0.864786
0.504564
0.279323
0.414343
0.627189
0.989684
0.362865
0.314577
0.054972
0.245205
0.533148
0.622498
0.395358
0.356519
0.055805
0.806103
0.574382
0.290227
0.402665
0.876173
0.294338
0.108685
0.889112
0.110420
0.822522
0.022400
0.342982
0.166339
0.651637
0.486072
0.784807
0.007511
0.454524
0.176538
0.939321
0.814350
0.689100
0.616138
0.855822
0.753103
0.487047
0.821932
0.473907
0.237929
0.722249
0.164826
0.575254
0.776510
0.776158
0.424805
0.713771
0.017759
0.413166
0.472914
0.680410
0.264860
0.493860
0.491668
0.337702
0.728037
0.304075
0.620253
0.729190
0.022878
0.551593
0.186156
0.883913
0.006454
0.030650
0.306875
0.853551
0.439997
0.970125
0.485129
0.525369
0.876526
0.339079
0.167954
0.039282
0.020715
0.785714
0.389212
0.681968
0.216689
0.550513
0.970684
0.925122
0.958589
0.989487
0.056064
0.787071
0.138076
0.430099
0.708002
0.662232
0.445125
0.530792
0.621661
0.570540
0.217549
0.829175
0.772507
0.580888
0.818130
0.888381
0.754759
0.180206
0.838921
0.109214
0.688812
0.294730
0.064761
0.409400
0.922339
0.102729
0.215473
0.138776
0.173713
0.675498
0.991888
0.888329
0.328196
0.996211
0.982170
0.903958
0.978995
0.007335
0.608914
0.505092
0.241352
0.218178
0.681050
0.411485
0.513820
0.157868
0.563447
0.775215
0.777786
0.235800
0.785654
0.494018
0.609197
0.406400
0.253692
0.254077
0.813591
0.857536
0.089085
0.707041
0.907312
0.719918
0.065069
0.996968
0.208508
0.039445
0.508332
0.971590
0.724808
0.400052
0.464240
0.185670
0.079802
0.646238
0.879438
0.065131
0.873286
0.758488
0.977309
0.808150
0.127639
0.328943
0.318407
0.173417
0.507825
0.001177
0.582149
0.565071
0.224525
0.062451
0.617960
0.499874
0.746897
0.662052
0.295200
0.133292
0.701339
0.262212
0.590325
0.788779
0.126370
0.896481
0.476247
0.342244
0.341944
0.786939
0.758206
0.203217
0.910992
0.555679
0.168776
0.167129
0.014614
0.631795
0.374648
0.473266
0.082063
0.426862
0.638940
0.644333
0.618240
0.700304
0.130529
0.001252
0.409631
0.667315
0.818880
0.099044
0.468008
0.266650
0.265474
0.422417
0.701233
0.361482
0.643403
0.635739
0.271048
0.905902
0.835403
0.026003
0.264731
0.582477
0.538126
0.077624
0.929617
0.854691
0.821204
0.076558
0.958811
0.590657
0.932454
0.037674
0.121192
0.718455
0.603904
0.676383
0.583879
0.760437
0.921353
0.127200
0.107034
0.876684
0.086147
0.836757
0.154420
0.067241
0.897055
0.503274
0.998622
0.412166
0.567079
0.453790
0.221132
0.646931
0.379393
0.622221
0.763075
0.494895
0.391196
0.474141
0.718045
0.657213
0.662715
0.759187
0.948251
0.591199
0.032053
0.754972
0.000321
0.553543
0.551505
0.839076
0.140909
0.803829
0.157339
0.177616
0.852401
0.137209
0.483047
0.799288
0.109013
0.585603
0.177651
0.188027
0.154017
0.295790
0.267695
0.165297
0.565367
0.503284
0.548771
0.025764
0.931544
0.945682
0.746364
0.639270
0.000242
0.488569
0.847798
0.161334
0.425978
0.746689
0.070953
0.773366
0.392427
0.664605
0.255308
0.125258
0.653424
0.495987
0.856741
0.917463
0.184664
0.612433
0.190416
0.661980
0.109937
0.712267
0.138242
0.217861
0.645584
0.692575
0.050266
0.586763
0.790693
0.599152
0.614876
0.951944
0.354633
0.761407
0.941803
0.627453
0.229970
0.767786
0.465296
0.609434
0.598408
0.656708
0.135393
0.814340
0.257083
0.326958
0.000548
0.081543
0.732529
0.610575
0.697701
0.649199
0.000290
0.002824
0.743759
0.693905
0.208811
0.293182
0.969162
0.075716
0.738564
0.489844
0.384859
0.123046
0.793748
0.130219
0.500862
0.097490
0.888635
0.721111
0.388960
0.315744
0.517698
0.052998
0.777130
0.345672
0.433062
0.963246
0.083400
0.123252
0.524360
0.247438
0.950229
0.868958
0.727030
0.826635
0.490099
0.623359
0.095236
0.187055
0.775242
0.310401
0.489123
0.961113
0.865415
