4.564729
6.981294
4.117846
1.157702
9.272722
9.610120
5.845584
4.968514
3.318732
5.060035
3.254466
9.492194
6.635420
0.650728
1.732837
1.963689
6.604370
8.783336
2.822955
9.737386
9.538329
8.901192
9.472755
1.642399
0.952507
9.489651
2.576688
1.876915
9.624941
5.114963
3.805611
1.441606
0.445924
3.502216
9.725746
2.112105
1.056487
7.652342
2.206702
7.950536
7.275960
7.998183
0.118552
9.356114
2.318577
9.599620
7.317987
4.654810
4.799155
9.377767
1.923514
4.228068
0.527838
8.388221
1.879732
2.180594
3.093889
4.133384
1.810664
0.547204
8.238560
7.913839
6.162149
1.038735
7.017019
2.218792
3.633302
9.327014
2.749334
3.155579
7.897033
6.868901
6.760528
2.918231
9.609631
5.269380
7.909691
7.295102
4.709408
8.183724
0.908158
3.215564
4.004404
5.758717
8.426745
1.335760
9.049164
6.612940
1.992053
8.663418
9.310561
2.356117
6.671831
6.221738
5.622700
9.647528
4.549402
6.752325
4.930868
4.793482
1.987151
7.457199
1.324562
5.883852
5.679077
2.779861
8.359563
7.467673
2.492407
2.225420
7.669087
2.767803
8.098272
8.219787
8.863991
8.434646
9.391447
9.007931
5.722041
6.838936
5.699150
1.591193
3.666247
0.903591
3.778906
9.703664
3.532259
6.474614
1.605476
1.827632
6.624819
7.231077
5.946842
4.248083
6.063289
7.134147
8.729262
4.146268
9.416225
5.415191
7.191382
7.732333
7.625029
9.102933
2.827409
8.417011
5.216653
8.089678
4.119358
0.022376
6.805371
7.736598
8.058343
0.031661
4.883607
4.018081
5.454950
7.878134
3.901838
6.205139
5.038658
3.273046
5.637542
2.087883
1.346328
9.572628
0.853227
0.737060
1.399758
7.184164
2.243508
7.804647
5.172290
2.011119
3.671252
8.363517
4.844495
3.937326
0.692788
2.286157
7.848904
0.350249
7.372176
7.162458
8.703812
9.703292
4.384540
3.756559
4.636146
0.117183
3.408463
9.002761
9.993383
8.020414
2.807441
1.540499
4.444545
1.828747
9.600409
4.788378
9.970250
5.663777
2.721320
2.557269
1.641823
8.110568
2.567790
2.202472
7.189471
1.014339
1.838806
0.314940
0.359529
3.316221
2.661496
5.951561
3.060754
4.928072
5.006963
6.404510
1.299691
5.646360
1.395177
0.509657
9.905100
4.105102
2.888935
4.494041
1.041445
1.767868
1.376880
5.362407
1.511444
6.958850
3.145585
6.822800
3.847684
3.932990
8.740694
2.751232
6.193296
1.985172
4.117134
3.195399
5.971694
9.598478
8.078384
7.917471
2.345379
8.631502
1.004805
2.475937
2.463798
3.544732
9.871037
1.846518
6.500275
0.665989
4.552459
6.582140
6.477994
2.494936
0.420703
6.511967
3.885058
2.046641
2.228241
6.979501
1.078595
2.234206
4.282029
2.619746
1.477941
5.290462
1.906216
3.675423
3.546873
7.228723
9.193910
9.852265
3.564915
2.342598
8.048013
6.713356
2.187697
2.744877
3.511118
9.612551
9.796388
7.945471
0.384463
0.166941
5.636175
9.468411
6.135954
0.268393
5.743826
5.507924
5.097242
8.634147
4.664293
0.623556
8.949878
4.896478
5.956396
5.474363
8.500510
6.231417
6.487557
1.592172
1.745159
1.526536
9.517603
6.193892
3.222550
8.087802
1.571632
2.032894
9.656509
5.885478
8.101935
7.289458
6.887415
4.339107
2.938987
0.500269
3.092726
6.641538
6.531499
5.526991
3.296560
6.622029
7.975530
1.563893
0.168337
3.148410
5.832665
3.184543
6.110489
7.068299
2.737251
5.427560
1.635232
5.689396
8.792703
8.921432
5.030394
9.798822
8.756864
0.048395
8.314314
8.221538
8.016430
1.147377
4.479795
4.917815
2.350444
5.755999
1.027130
3.619767
6.482844
3.891645
4.786179
5.006953
6.424074
2.371589
3.027518
1.421037
0.601767
5.172187
5.862644
4.119507
4.780478
8.827135
4.933247
8.068467
5.770488
7.864781
3.389539
9.274481
8.925667
5.284507
2.157654
9.655485
4.430399
3.072171
7.496101
4.450759
7.375576
7.754610
4.841288
7.169965
6.623641
5.993209
3.942101
7.081242
7.462709
5.216528
0.283551
4.238370
3.049739
4.291995
7.799480
7.046989
9.642775
9.236662
7.874334
7.369890
0.622247
8.967018
9.633993
8.171359
4.301333
6.087873
6.525665
8.700587
0.525387
7.720297
4.186847
2.214147
1.060427
1.368623
4.603342
1.237529
8.770689
0.826519
1.556343
5.365733
0.585234
7.122111
2.358578
6.602937
9.253632
9.502183
0.879517
7.241215
8.890696
1.455421
6.859643
5.278323
9.310286
6.774739
6.513781
2.374551
4.148170
0.658654
9.423499
9.348630
7.773951
0.851729
6.718560
4.212705
5.992060
3.824076
5.547446
7.746373
5.531799
0.989927
4.836937
1.609780
7.326463
9.965257
7.340760
3.995781
8.581512
5.864481
2.977293
7.821164
8.631809
7.636207
8.456335
6.456936
3.587925
4.438052
8.194944
1.997669
4.771499
7.050523
1.522323
1.069914
5.939667
9.329956
1.173785
3.179671
4.298549
4.700524
8.073772
6.598927
0.305801
2.685302
7.407932
6.791251
1.262227
0.476397
0.984272
2.376460
3.692461
4.544138
0.883358
3.634336
9.514698
7.285333
9.397592
8.547417
0.999500
3.710585
0.259537
1.382840
9.517660
3.170670
6.159320
8.813257
3.077125
1.121982
7.551083
8.576803
7.648988
5.931035
7.748507
5.676136
7.282538
5.718028
9.309392
1.116532
8.009373
0.239479
6.709304
8.183049
0.536579
2.809915
0.304282
1.256745
6.728964
7.262625
6.582606
2.169969
4.880364
4.949478
9.705633
9.100706
8.774006
6.779803
9.337689
3.005989
5.531930
5.298329
9.765029
6.594370
7.253484
1.802193
5.303854
0.837460
1.442870
3.497003
6.997396
4.020523
5.225762
5.691967
5.602064
8.332136
8.354977
4.034091
5.862647
8.992919
0.005221
1.781425
7.076589
0.923310
4.356884
7.115389
4.947319
7.950425
9.968907
5.492142
9.726644
9.553958
7.940705
2.033033
5.646213
0.151161
3.863161
8.954101
6.638030
5.920877
8.558674
3.034642
3.344039
4.166639
2.610271
8.124841
6.414772
0.218828
9.679787
7.692459
1.097053
6.875902
3.615103
2.408593
8.110767
1.384676
4.346444
7.772490
5.814697
4.959671
7.571747
6.775424
8.661416
9.841528
3.231086
2.603644
6.941243
8.894478
7.770158
6.380373
2.815269
2.742878
5.192839
4.946877
7.637432
9.446812
1.902793
3.682595
5.565668
1.716746
0.334152
9.364330
8.462113
6.667257
6.371254
8.064502
7.082381
3.109815
5.557441
3.088469
3.553886
1.384633
3.092928
7.950903
0.143248
0.731577
2.621725
9.391230
9.312742
9.200139
8.807629
5.428141
0.065821
1.098472
8.699272
3.453153
5.581702
6.981489
6.884237
3.363240
7.139003
1.178025
9.432234
0.732527
9.328459
1.857058
1.627338
5.023042
1.554688
8.632993
4.489291
7.834532
0.827021
2.710017
5.083866
6.193346
0.839403
4.565500
5.622293
5.880374
2.339347
4.172478
6.349745
9.798053
9.785951
8.761181
7.222896
6.376432
9.296989
3.119634
3.376527
3.018303
2.885047
7.433319
9.379207
9.583393
3.982736
7.663897
7.278032
6.911617
9.256961
3.466992
3.432423
5.385397
1.712251
8.649042
9.136993
8.531039
0.083158
9.163207
0.033471
6.659175
9.515711
3.644344
9.311692
5.544272
8.537940
1.483044
9.699648
5.143192
7.319453
3.438724
9.242603
3.352825
2.220085
9.791795
5.871265
9.806783
1.627606
1.034882
5.759031
4.711149
8.084489
6.103108
0.468284
7.719300
1.703741
3.143445
7.885757
1.845780
9.873804
7.823123
1.946960
7.419247
8.252506
4.177104
6.149671
1.074476
8.050083
2.994616
5.856482
4.783425
4.601265
2.744753
4.386420
9.925364
2.226417
8.041137
7.895614
1.396069
0.381746
0.645635
4.047044
6.756074
6.098575
8.011154
9.469334
5.417991
7.711673
4.363478
1.004620
2.872885
4.876650
9.322190
5.745475
4.955719
9.876414
9.060636
4.860899
7.149860
5.216693
5.004967
6.211368
3.930640
2.510616
5.072232
0.752949
3.147993
7.652358
2.447543
7.730478
0.448139
7.279848
6.900296
3.659796
8.734344
1.526540
3.639457
0.099051
7.666737
8.062244
4.707909
5.209062
8.201184
2.423019
7.915864
4.102748
7.167237
9.630137
8.313338
2.983610
6.885133
2.098097
7.201683
2.073289
4.821862
8.831709
3.684185
2.328178
8.286300
0.912240
3.755729
0.945096
9.163395
8.272622
1.931518
0.656027
3.687427
2.761719
0.414861
7.811927
2.254320
2.497664
0.804020
4.255578
4.273026
2.510251
3.338119
7.983523
3.055962
6.672392
8.682123
7.597051
5.748521
5.920638
7.250865
5.542247
3.297631
7.764764
1.072153
5.139108
5.459391
2.086410
3.188925
6.399720
5.845758
8.226790
9.600471
5.635495
2.010305
8.363463
8.742726
3.853470
5.573038
2.176164
3.507610
8.941677
7.384270
7.801700
0.801442
6.643565
2.727571
4.077909
3.642416
5.321487
1.561765
9.076676
0.797131
9.509256
8.802002
9.926018
8.956194
7.253758
9.639884
8.921231
2.448876
6.245622
4.902661
0.925093
5.496841
3.738969
1.451479
7.057138
2.006926
5.260204
2.618704
9.671985
7.902993
7.105886
3.684297
3.626737
0.996838
7.629649
7.391255
8.837437
3.398162
2.318197
4.500122
9.124584
1.463613
7.656350
4.382546
2.347722
8.284878
8.781160
0.653917
6.829081
3.715845
5.925088
6.845054
9.066286
6.938828
4.648239
7.112962
7.734126
6.569852
4.859669
6.990647
8.975388
3.303000
3.627745
9.175998
7.980749
0.093824
6.779570
9.359724
1.857738
4.881820
4.289477
7.092363
8.788752
0.851960
4.456575
6.690350
8.478142
9.235294
1.871365
3.181139
8.888354
9.648609
4.171417
8.287403
4.265140
2.973150
2.586107
1.450285
9.451826
1.772411
1.270420
0.891713
5.492646
3.248976
0.427811
9.715783
1.525136
9.740438
8.222137
2.049199
7.961591
1.754364
6.478638
4.220778
5.959587
8.542335
5.173994
5.980016
8.181561
1.213046
0.715437
6.754718
5.843459
3.384460
3.008927
1.947690
7.052441
4.375038
6.316392
4.272493
1.433651
9.934023
8.902026
5.128260
6.046051
5.510783
6.467658
1.013577
7.587316
7.063229
4.377174
9.979421
5.887791
4.405284
3.670005
3.121170
3.693509
2.093419
