2.188617
3.262576
0.068294
0.031179
3.652614
2.180311
1.656766
3.283714
0.201617
4.850582
4.052777
0.836252
2.806241
1.562382
1.258923
1.909897
4.452331
4.897982
4.127698
3.012400
4.580812
0.896424
2.154863
4.267656
3.859566
1.174025
1.854843
2.952232
1.787353
3.501930
4.218151
1.738928
4.629745
3.340682
3.750851
4.147371
1.187108
3.831833
1.596049
4.701638
3.894604
1.746585
0.237412
1.294907
2.754230
1.891455
2.284720
2.261149
4.598886
2.470980
0.841456
0.653838
0.188476
3.907448
3.954415
3.231704
1.638037
3.617665
0.645354
1.651514
2.677904
4.246745
1.024671
3.367875
4.245901
2.858941
2.987112
4.740086
2.911568
3.585500
2.989510
3.846003
4.632415
1.229553
3.410563
0.502950
1.342211
3.328035
3.992630
0.995649
2.871304
3.170638
4.865568
0.011191
1.698965
1.275788
3.652600
2.281034
3.037778
2.823668
4.158207
1.430030
2.750042
3.546255
4.138059
3.532489
0.596225
1.574400
4.650974
2.875269
1.315431
2.741936
3.492907
2.427898
1.037910
1.846815
0.212976
1.519733
1.529594
2.369281
0.211506
3.224143
4.768665
2.147068
0.420125
3.949723
0.354158
2.507636
4.063869
2.738549
3.246589
3.357431
2.005336
2.771452
4.340617
1.728185
3.170858
2.580332
1.369740
1.280239
1.558718
4.467498
2.643019
0.262901
2.329382
2.632042
1.113833
0.431836
4.477776
3.503244
1.280669
4.423485
2.587587
0.781008
1.419935
4.086518
0.167599
2.683328
3.650817
2.270316
2.070055
3.900785
4.332156
0.570483
3.491059
4.758082
2.291361
0.531394
3.053000
0.082598
2.385352
0.805770
2.469010
0.279985
1.893535
2.771286
0.289459
2.116788
2.242812
2.104209
2.230474
1.710102
3.564611
3.810071
0.584492
2.224257
4.583960
3.211366
0.212845
3.774533
0.340587
0.392286
3.620374
3.037912
0.242048
0.600485
2.612080
0.070856
3.948890
3.105872
4.031794
4.834115
2.591849
1.016438
2.082895
0.924574
2.821066
4.551115
4.731045
4.014122
1.187354
0.269664
1.688962
2.495559
1.355477
3.759597
1.483224
2.835532
1.649472
3.280123
0.103102
2.134500
0.429996
1.863138
3.731425
0.393732
1.803714
0.371233
3.057480
4.989343
4.164704
4.012743
1.671936
4.853343
4.067902
4.813820
1.043804
1.861741
2.934581
2.547545
4.579431
1.929662
4.089853
1.620062
3.263516
3.313501
2.632208
1.413753
0.382169
4.620111
0.635081
2.587434
2.827991
0.023021
0.180455
1.833594
1.487189
4.185680
1.724490
2.592654
3.208728
4.391743
0.295183
4.224264
1.855502
2.382375
2.022067
2.135629
0.937549
3.400597
3.497933
1.366866
0.327289
4.942660
1.472584
1.133396
4.556795
2.716444
0.378626
2.825361
0.197096
1.306903
0.189285
3.964076
4.819516
2.048522
2.108258
0.615511
0.039031
0.604824
4.591589
0.760809
1.139672
1.754892
2.201591
1.123824
0.781953
3.886937
4.792780
4.955706
4.292326
0.698884
4.529855
3.276501
4.034675
2.605999
3.237703
2.073794
0.363838
0.355541
2.583437
2.958379
1.661157
3.348450
4.590462
4.776958
0.952064
0.168063
4.984579
3.681878
1.605697
3.815863
1.872113
4.157890
4.616546
4.154257
2.250076
3.505947
4.968131
0.056388
3.848361
2.284030
4.578712
3.762978
4.803966
3.205005
4.329029
4.946197
3.667252
0.991515
2.672071
1.980574
2.240229
0.687894
3.324885
2.920928
3.746873
1.929125
4.542404
3.687336
3.835480
1.666817
2.473317
0.957132
1.913044
2.852223
1.097964
2.263937
0.311668
1.576285
1.248263
0.803720
3.787013
0.166708
1.209669
2.447885
1.848767
3.742067
1.405170
2.463403
1.423154
2.722951
0.661299
4.439960
2.347473
3.800129
1.556197
3.924143
3.196662
1.859750
2.349689
4.260663
4.941902
0.365582
2.995405
2.140596
4.941244
2.698268
2.734925
0.356666
3.762279
1.951629
1.773956
0.265555
2.336821
1.685983
4.540541
1.457248
1.947640
0.138508
2.025303
1.131400
4.547216
0.390628
0.703713
0.680747
0.908524
3.992437
0.540393
1.981539
4.107856
0.544144
4.575454
0.891004
0.839668
0.734561
2.592856
0.451855
3.063464
0.336617
1.370810
1.303808
2.482704
2.659898
4.014202
1.802153
0.355753
1.960229
0.869054
0.343340
0.138853
0.306281
4.519016
2.397603
0.461126
0.403204
1.363885
4.748619
0.931619
1.873305
2.280157
4.440186
3.278365
3.493746
4.863617
4.929949
0.319489
3.891275
4.753948
1.950140
0.266332
3.193992
3.541382
1.575363
3.858623
3.140146
0.755374
2.997402
1.831662
3.143956
2.435318
3.507067
0.215553
4.818473
3.783278
3.183061
0.966456
2.455469
3.398769
1.787889
0.429876
1.962354
1.595553
0.370793
3.135981
0.756131
0.300479
0.077719
3.426952
1.114376
2.034343
0.668315
2.416363
4.483253
0.474788
1.239960
2.780595
4.242559
0.101231
0.658826
3.882280
4.427801
2.421824
0.197969
4.725773
1.909304
1.282441
0.882454
2.244661
4.528347
4.757704
3.041505
2.421300
2.690336
1.124031
0.567698
1.738381
1.915006
1.414724
2.383171
1.462532
3.843650
1.057084
3.612879
2.259952
3.203388
3.091557
3.964865
1.644066
3.228457
0.472911
0.817580
1.755224
2.038540
4.953449
4.514219
4.972427
2.474126
0.048242
3.364095
4.857079
2.888895
0.582410
0.851048
4.928774
1.399137
1.320420
2.548873
2.773120
1.090210
2.177417
0.243794
1.981585
3.680017
2.512599
0.763961
4.423378
4.139520
2.004602
2.015974
0.349361
3.770291
0.608938
3.728453
3.827995
4.239078
0.097449
0.402621
1.013314
0.069425
4.679798
3.969933
3.744929
2.090301
3.206992
3.656730
0.980067
4.341775
0.456935
0.555923
0.557642
1.937717
0.002009
4.405709
3.794350
2.385527
1.158696
0.075324
0.412803
2.862907
2.519217
1.257817
1.301690
0.951646
4.565216
3.869865
1.607974
1.328454
3.863466
1.658612
1.661112
0.912819
1.343610
1.515546
3.229314
4.971889
2.157935
0.997399
3.607831
1.682402
4.623173
0.554086
0.039270
2.649630
0.744332
2.963670
1.965948
1.883366
0.820569
2.474364
3.614271
0.730935
4.633081
1.153556
4.411146
1.267240
1.715033
4.943871
4.732427
0.641840
3.203522
1.926264
4.483386
3.883057
2.773563
0.290146
2.011222
2.659113
4.154109
3.510532
0.849598
2.496301
2.726113
0.232231
1.795210
0.954189
3.702600
1.361065
2.816384
4.257850
4.390793
1.862110
4.293710
4.887126
3.036253
4.764986
2.092704
2.622923
1.749061
4.876157
0.968501
1.550540
1.012026
4.698281
0.802580
0.520024
3.270922
0.056579
3.171520
4.563560
3.106766
2.932241
0.747786
4.769889
1.490117
4.002863
2.032551
4.115765
1.617411
2.389912
3.920544
1.754430
3.829325
0.113224
4.596929
3.261134
2.111178
3.752535
4.266222
4.335679
4.675354
0.816044
1.213228
0.461992
1.125764
3.315997
0.696024
0.024737
3.704338
1.051321
4.170959
3.382951
0.119541
2.097271
1.349693
0.400716
0.456932
3.002118
2.588267
3.934860
0.671745
1.190865
4.108200
1.779687
0.163507
2.075999
3.549623
4.568747
0.932681
3.375265
3.356440
2.133623
0.819347
4.136483
4.493521
0.819765
3.323910
0.969383
2.995930
4.259344
1.509842
3.984485
1.850175
0.101140
3.488450
4.938999
0.707503
0.197465
1.985684
0.089763
0.929212
1.748112
0.490967
0.253209
3.464003
1.901339
3.488062
0.572362
2.057365
3.311883
3.267972
2.490869
4.292982
3.156004
0.823861
0.434060
2.966177
3.103563
3.328019
0.697040
0.289390
2.747127
0.690850
0.039813
2.429685
3.988112
3.701895
1.489435
1.878279
3.879950
1.252885
4.849202
0.152123
3.428290
4.142821
4.414863
3.327491
4.848233
2.965098
1.397874
2.905616
4.778596
2.576642
3.555673
4.510354
0.953205
0.649097
4.528993
1.917874
4.829221
2.802027
0.386203
3.918384
2.672502
1.818160
0.874682
1.509887
2.599987
3.440660
2.879222
2.923971
0.079119
1.252428
3.587467
3.983622
4.384295
3.137438
0.862377
1.293080
3.510351
1.824102
3.321727
0.759717
0.043071
2.010667
2.624637
3.947947
0.486739
1.572641
0.465134
4.765176
0.548708
4.352255
2.772740
3.979770
3.881016
2.029952
3.620101
4.071066
1.779017
2.577909
1.337636
1.911407
1.337054
2.795589
4.335228
1.780212
4.561164
2.427329
4.130936
1.210073
0.938806
2.361948
3.086747
2.164890
0.965626
4.414403
4.351353
0.050031
3.129253
0.189460
1.509964
3.054526
1.850126
1.527407
0.441150
4.325291
3.879350
0.031790
0.880711
4.473387
0.653585
3.179192
0.192585
1.912303
4.106968
4.511029
1.846783
3.528279
3.440064
0.407388
1.104356
3.182654
0.345846
0.942890
0.409391
0.546245
0.192712
2.324591
1.988045
2.765762
1.664529
3.411906
0.154602
1.462253
2.357708
3.818568
0.824567
2.561573
2.835316
1.096621
0.734788
1.456897
1.638210
4.502441
3.870610
1.003254
3.753208
2.844789
2.600066
4.844093
0.038295
3.914893
1.015086
3.569889
0.104850
2.998566
2.979752
1.208770
1.156913
2.970355
2.385572
4.549178
0.287478
3.469711
3.113797
2.794567
2.731822
1.659207
1.204757
0.050124
3.577861
2.064773
1.734238
3.141530
0.433541
2.997970
2.896887
2.265739
4.551253
2.060293
4.796643
1.973805
2.909292
3.229504
0.444210
4.985729
3.750332
3.027997
1.461553
1.337338
3.076945
3.273199
0.993424
0.359198
4.604146
2.909992
1.325930
2.987561
0.668967
1.425176
3.712118
1.907336
1.597065
1.343958
2.904603
2.027097
1.026362
2.308477
3.895220
3.786120
4.687715
4.238350
3.361711
1.793451
0.142619
2.073264
3.321442
1.299006
4.977935
4.597586
4.492150
4.996704
0.957659
4.847013
1.859724
2.659626
1.631713
4.597248
4.953017
1.107212
0.901776
0.434709
0.325683
2.004482
0.044138
3.909272
3.745056
4.993297
0.689588
3.269041
4.588051
3.655642
1.260339
4.277150
4.944103
1.808947
4.363976
2.610599
0.925130
2.633435
2.644439
0.341119
3.682534
3.131507
0.590035
3.998068
2.631229
1.419149
4.798489
1.713360
3.380705
4.349378
0.199015
1.948423
2.873114
2.967719
4.731425
1.303192
4.228401
