0 0 0.000000
0 1 0.356932
0 2 0.456473
0 3 0.000000
0 4 0.045669
0 5 0.000000
0 6 0.000000
0 7 0.000000
1 0 0.000000
1 1 0.000000
1 2 0.000000
1 3 0.326422
1 4 0.000000
1 5 0.504344
1 6 0.000000
1 7 0.000000
2 0 0.000000
2 1 0.000000
2 2 0.000000
2 3 0.818901
2 4 0.000000
2 5 0.000000
2 6 0.343818
2 7 0.000000
3 0 0.000000
3 1 0.000000
3 2 0.000000
3 3 0.000000
3 4 0.000000
3 5 0.000000
3 6 0.000000
3 7 0.698129
4 0 0.000000
4 1 0.000000
4 2 0.000000
4 3 0.000000
4 4 0.000000
4 5 0.984986
4 6 0.320592
4 7 0.000000
5 0 0.000000
5 1 0.000000
5 2 0.000000
5 3 0.000000
5 4 0.000000
5 5 0.000000
5 6 0.000000
5 7 0.178389
6 0 0.000000
6 1 0.000000
6 2 0.000000
6 3 0.000000
6 4 0.000000
6 5 0.000000
6 6 0.000000
6 7 0.236489
7 0 0.000000
7 1 0.000000
7 2 0.000000
7 3 0.000000
7 4 0.000000
7 5 0.000000
7 6 0.000000
7 7 0.000000
