0.944917
0.094905
0.356042
0.504395
0.792669
0.402591
0.593521
0.108062
0.737568
0.569206
0.996515
0.761737
0.068371
0.400126
0.043146
0.522793
0.819237
0.519757
0.624778
0.365807
0.855309
0.850386
0.040433
0.557800
0.915258
0.268022
0.253768
0.723183
0.078604
0.261552
0.377338
0.174660
0.988324
0.354739
0.760624
0.085971
0.989734
0.747131
0.994174
0.101378
0.006861
0.941554
0.119437
0.253036
0.183491
0.744128
0.418471
0.889077
0.692876
0.744913
0.457484
0.138909
0.932915
0.441471
0.620746
0.055263
0.280455
0.888000
0.267914
0.116581
0.491405
0.634059
0.738810
0.298667
0.363252
0.468206
0.220470
0.243804
0.915429
0.302293
0.054482
0.871905
0.056458
0.198501
0.041641
0.630516
0.103562
0.334875
0.369700
0.640177
0.992151
0.263849
0.930309
0.802854
0.662908
0.408049
0.003530
0.318200
0.540889
0.008240
0.753051
0.973046
0.529694
0.826608
0.711145
0.020847
0.147177
0.299155
0.243700
0.601736
0.472265
0.509506
0.216966
0.332740
0.751936
0.495720
0.562509
0.283789
0.870649
0.115621
0.806564
0.556995
0.073403
0.127322
0.945542
0.758616
0.991278
0.350699
0.040477
0.004412
0.104520
0.080280
0.762427
0.967121
0.492241
0.419120
0.031637
0.156429
0.612543
0.118479
0.662944
0.623437
0.102824
0.792121
0.673939
0.758818
0.831260
0.843868
0.409517
0.783607
0.303540
0.083311
0.141160
0.612783
0.953744
0.924138
0.091725
0.638468
0.940274
0.521423
0.113458
0.856389
0.869123
0.551340
0.689718
0.050102
0.584959
0.098622
0.237411
0.380676
0.619205
0.174736
0.450951
0.430803
0.252765
0.415772
0.654201
0.077056
0.017870
0.099247
0.446488
0.351531
0.948745
0.913606
0.213611
0.140794
0.255829
0.943941
0.611651
0.310096
0.090347
0.770076
0.453148
0.838656
0.557279
0.941688
0.709587
0.893966
0.210448
0.967999
0.511531
0.227902
0.125773
0.350318
0.921221
0.880584
0.164745
0.786912
0.948183
0.836798
0.015586
0.873581
0.847279
0.201205
0.515440
0.357415
0.161579
0.600595
0.876306
0.019400
0.097217
0.614944
0.178680
0.445296
0.788028
0.500059
0.441374
0.354202
0.257558
0.862001
0.640595
0.609820
0.911430
0.014156
0.595743
0.835365
0.004330
0.152446
0.944055
0.776801
0.058718
0.489879
0.450153
0.949561
0.458238
0.661581
0.840284
0.406556
0.451656
0.842147
0.327961
0.027323
0.341224
0.859895
0.592517
0.353162
0.981593
0.072491
0.021456
0.552668
0.589267
0.138703
0.279823
0.267989
0.719568
0.247506
0.906308
0.532114
0.076103
0.804892
0.928436
0.491474
0.745471
0.574830
0.226621
0.364236
0.418930
0.238689
0.688783
0.852523
0.313362
0.012765
0.945998
0.862805
0.631359
0.436988
0.864533
0.955842
0.654691
0.416125
0.753534
0.397081
0.026202
0.507003
0.664952
0.277538
0.572248
0.452662
0.725389
0.102206
0.736829
0.390651
0.896363
0.877310
0.792365
0.436390
0.965268
0.485214
0.127555
0.159209
0.748244
0.279514
0.599961
0.444728
0.963744
0.149981
0.060685
0.551560
0.933992
0.706319
0.166546
0.788087
0.291120
0.908993
0.494600
0.867084
0.263962
0.932420
0.400529
0.628479
0.810045
0.299927
0.819787
0.029740
0.071774
0.105004
0.288423
0.281001
0.845126
0.238706
0.545723
0.772104
0.293985
0.869126
0.972150
0.938751
0.786783
0.911905
0.541599
0.889039
0.323896
0.503364
0.388521
0.909110
0.320073
0.516375
0.968857
0.828490
0.824320
0.558812
0.215616
0.202820
0.696883
0.500184
0.717727
0.604107
0.380307
0.603124
0.058282
0.852541
0.222918
0.985122
0.358079
0.506063
0.527948
0.068204
0.708239
0.959618
0.551351
0.507889
0.505480
0.955942
0.658495
0.530725
0.286459
0.592547
0.290987
0.150968
0.705155
0.268199
0.666880
0.089034
0.165306
0.599010
0.981855
0.944611
0.939413
0.652234
0.898547
0.486649
0.647088
0.264242
0.415204
0.302290
0.618625
0.632067
0.628949
0.645507
0.052989
0.178937
0.782101
0.644594
0.264438
0.948307
0.268564
0.537533
0.866086
0.669892
0.894683
0.314705
0.576750
0.611742
0.455090
0.638903
0.073065
0.810971
0.627925
0.838329
0.043222
0.481180
0.233786
0.545967
0.900057
0.251689
0.930425
0.423627
0.429154
0.608066
0.031532
0.779927
0.845661
0.998400
0.955239
0.238573
0.485607
0.625285
0.643890
0.219427
0.274837
0.875432
0.371082
0.855224
0.020819
0.810516
0.047123
0.378184
0.703095
0.474853
0.806455
0.205210
0.615336
0.244503
0.362523
0.302436
0.524341
0.652867
0.220397
0.594722
0.607760
0.748604
0.513953
0.397406
0.362755
0.198316
0.421363
0.681927
0.049696
0.762046
0.359818
0.348413
0.530395
0.796825
0.814817
0.644208
0.237371
0.863380
0.259336
0.750100
0.838494
0.776652
0.749299
0.014667
0.147465
0.510269
0.200461
0.230504
0.758504
0.101965
0.090427
0.763305
0.560101
0.673862
0.646755
0.332650
0.668026
0.487569
0.163432
0.833311
0.170152
0.046972
0.075266
0.716740
0.001344
0.030241
0.421280
0.250222
0.695660
0.625509
0.942686
0.665261
0.164144
0.519615
0.920895
0.383909
0.546420
0.035877
0.737083
0.597088
0.917792
0.689600
0.613058
0.747245
0.510289
0.457869
0.794310
0.180620
0.184917
0.386684
0.760332
0.452276
0.600004
0.423892
0.389407
0.351966
0.833617
0.778556
0.969394
0.058538
0.422639
0.591464
0.175345
0.530490
0.130474
0.985573
0.608113
0.822852
0.351117
0.785509
0.341682
0.886517
0.290664
0.024788
0.648981
0.228827
0.315968
0.467627
0.210835
0.990021
0.779484
0.560204
0.816673
0.472896
0.831085
0.487819
0.922408
0.782220
0.367837
0.578646
0.146878
0.403734
0.573104
0.325780
0.059538
0.653979
0.764203
0.894695
0.051851
0.949992
0.717917
0.539914
0.664759
0.279511
0.095017
0.300219
0.179589
0.432271
0.159000
0.568034
0.287973
0.384761
0.048387
0.935838
0.635724
0.246321
0.797192
0.767834
0.875593
0.179365
0.664131
0.054424
0.003371
0.253116
0.813486
0.919892
0.754955
0.277580
0.124171
0.745797
0.448724
0.034373
0.595693
0.004046
0.093625
0.688060
0.932620
0.088868
0.747556
0.216585
0.336813
0.325284
0.235342
0.572978
0.867238
0.586524
0.218887
0.994523
0.271692
0.334724
0.649699
0.214566
0.825334
0.113050
0.987470
0.330322
0.074911
0.258838
0.057577
0.900786
0.481903
0.859220
0.976097
0.579069
0.723631
0.959582
0.323785
0.244557
0.636707
0.006674
0.679421
0.948948
0.461907
0.064107
0.904630
0.088535
0.257834
0.012450
0.323483
0.804108
0.480882
0.301492
0.203490
0.252688
0.606805
0.947019
0.205534
0.943114
0.515086
0.162311
0.906529
0.022617
0.928226
0.014929
0.457383
0.128360
0.909893
0.456473
0.908449
0.537371
0.526657
0.228661
0.106424
0.802779
0.831520
0.019220
0.816082
0.267585
0.083190
0.835869
0.887976
0.786378
0.076259
0.266740
0.997108
0.088127
0.474400
0.330216
0.699224
0.843058
0.006586
0.725044
0.865268
0.227478
0.808586
0.482918
0.830212
0.843865
0.822550
0.066927
0.214632
0.437124
0.580139
0.967809
0.326330
0.053941
0.491638
0.486622
0.680099
0.896525
0.470119
0.476772
0.547319
0.497220
0.179551
0.328790
0.512356
0.700942
0.418979
0.981814
0.385018
0.832445
0.294207
0.620440
0.966414
0.474164
0.092989
0.586678
0.582843
0.143894
0.965703
0.674581
0.325770
0.757108
0.356474
0.424947
0.596572
0.044086
0.633405
0.458262
0.970444
0.913258
0.762857
0.050110
0.651387
0.687745
0.169848
0.775052
0.568064
0.570824
0.482122
0.159996
0.604085
0.218669
0.082865
0.934365
0.543784
0.453045
0.272278
0.128239
0.089190
0.703846
0.812967
0.903379
0.357062
0.843784
0.176707
0.212437
0.018294
0.360183
0.389791
0.423826
0.108975
0.426158
0.138311
0.725321
0.892567
0.302304
0.961148
0.613504
0.384031
0.451731
0.258653
0.962713
0.144752
0.498820
0.261560
0.848892
0.962388
0.061180
0.653945
0.690532
0.093880
0.390690
0.786028
0.200335
0.794274
0.629933
0.030810
0.287746
0.946108
0.216821
0.821853
0.582761
0.847128
0.009346
0.082600
0.622125
0.180194
0.441680
0.533635
0.423780
0.214999
0.872841
0.741466
0.410422
0.447397
0.618042
0.224209
0.107961
0.947941
0.729558
0.109605
0.741014
0.853846
0.926875
0.386141
0.493255
0.137407
0.026590
0.640335
0.355564
0.545795
0.515479
0.939748
0.134996
0.771644
0.984983
0.073248
0.917153
0.083864
0.762116
0.198596
0.566505
0.687452
0.491396
0.608371
0.047932
0.025556
0.081580
0.336813
0.392685
0.157261
0.516809
0.373569
0.008312
0.892982
0.589081
0.481796
0.711899
0.600278
0.888635
0.811606
0.737901
0.024521
0.867081
0.271674
0.523606
0.490256
0.388533
0.013502
0.095244
0.335938
0.270696
0.365639
0.773355
0.779395
0.487020
0.613859
0.030373
0.702941
0.383335
0.111965
0.293954
0.640900
0.994169
0.922888
0.590900
0.835455
0.120534
0.622126
0.494364
0.884565
0.585514
0.955448
0.025462
0.483113
0.652889
0.374533
0.844324
0.145011
0.831007
0.555555
0.373667
0.334147
0.044401
0.236247
0.010226
0.836294
0.677694
0.032252
0.860199
0.876856
0.577859
0.436454
0.586750
0.906783
0.859463
0.238403
0.425207
0.801598
0.159461
0.713859
0.669732
0.088155
0.182694
0.602652
0.393819
0.952533
0.840696
0.568203
0.162029
0.507954
0.694025
0.833376
0.477026
0.870093
0.641282
0.922870
0.671071
0.511558
0.453349
0.014689
0.314905
0.752451
0.152966
0.666910
0.786714
0.699569
0.311519
0.271837
0.046549
0.546346
0.390166
0.339007
0.403655
0.706757
0.650990
0.107559
0.573036
0.982423
0.633448
0.001965
0.945557
0.454296
0.377452
0.918978
0.889435
0.192492
0.967221
0.036193
0.410098
0.770993
0.910174
0.207702
0.624458
0.445012
0.317412
0.841529
0.906927
0.688082
0.260552
0.063008
0.106880
0.093659
0.611078
0.858499
0.615022
0.424018
0.616629
0.924376
0.249880
