0.301271
0.665847
0.911397
0.886035
0.138096
0.794453
0.389775
0.880585
0.336410
0.243266
0.683433
0.267768
0.799154
0.527288
0.523703
0.274555
0.230455
0.513475
0.309474
0.831775
0.146564
0.731211
0.377690
0.775468
0.616160
0.653062
0.083918
0.253134
0.381506
0.731398
0.164898
0.063076
0.995795
0.588103
0.291391
0.094985
0.142172
0.011722
0.111832
0.203417
0.977216
0.964707
0.690660
0.913272
0.522174
0.982666
0.684766
0.363885
0.429159
0.922176
0.590743
0.294240
0.311730
0.352478
0.890003
0.599016
0.287059
0.111809
0.420993
0.049967
0.836695
0.977700
0.680538
0.825508
0.731357
0.570311
0.267698
0.055554
0.020310
0.752199
0.516388
0.273798
0.617471
0.590947
0.049183
0.354960
0.427560
0.388920
0.071662
0.417050
0.259571
0.017379
0.008734
0.156945
0.604871
0.970739
0.959692
0.007964
0.759441
0.837929
0.674961
0.424689
0.354721
0.977838
0.692773
0.132224
0.508358
0.609816
0.746051
0.921058
0.323959
0.592847
0.824819
0.762977
0.436153
0.755094
0.870109
0.996770
0.423068
0.918522
0.028299
0.653748
0.978341
0.852783
0.518717
0.102813
0.844084
0.889429
0.052514
0.261073
0.169144
0.426031
0.677877
0.684180
0.975373
0.681638
0.837602
0.248556
0.015350
0.299859
0.888894
0.760622
0.289352
0.439670
0.830489
0.777818
0.443932
0.867426
0.924674
0.865804
0.283773
0.285233
0.769305
0.234894
0.465551
0.482733
0.371370
0.720114
0.993336
0.012145
0.204319
0.253098
0.423863
0.781436
0.056915
0.214096
0.917658
0.754600
0.850895
0.662381
0.628370
0.557125
0.674525
0.409148
0.983899
0.652930
0.167448
0.992451
0.799453
0.120899
0.877638
0.816995
0.041305
0.145798
0.179433
0.420641
0.945744
0.413632
0.673101
0.002587
0.863091
0.511721
0.032026
0.716217
0.189385
0.084217
0.255427
0.198008
0.403189
0.954391
0.905537
0.951204
0.866129
0.966095
0.769247
0.790518
0.113942
0.054986
0.503698
0.411338
0.257210
0.174142
0.985146
0.031426
0.849913
0.178044
0.926029
0.374915
0.313111
0.928586
0.642258
0.610822
0.470513
0.401957
0.706381
0.156708
0.269337
0.206086
0.071173
0.880090
0.233128
0.963493
0.555125
0.447958
0.899656
0.639630
0.815059
0.213419
0.766529
0.490855
0.106558
0.726443
0.525878
0.795812
0.820035
0.300424
0.887206
0.292748
0.837829
0.457351
0.982531
0.484879
0.538837
0.110346
0.794758
0.426194
0.018659
0.882889
0.917188
0.963942
0.515179
0.470704
0.550293
0.359890
0.001540
0.178626
0.313864
0.028480
0.659947
0.463789
0.784445
0.224962
0.675199
0.774328
0.597335
0.879571
0.212033
0.505322
0.594287
0.279683
0.920252
0.008868
0.592712
0.348434
0.719179
0.388540
0.262790
0.973939
0.571457
0.388592
0.622006
0.498131
0.479748
0.127851
0.334770
0.795674
0.124795
0.484562
0.034009
0.702356
0.587963
0.538133
0.920241
0.038933
0.305107
0.830642
0.134965
0.974723
0.060344
0.365137
0.595339
0.986170
0.347248
0.015394
0.110350
0.797862
0.364396
0.768669
0.426268
0.038751
0.273930
0.081404
0.348991
0.497522
0.004991
0.222515
0.560536
0.051236
0.588314
0.568824
0.494683
0.436697
0.960448
0.447860
0.788188
0.031286
0.742351
0.262347
0.149525
0.516580
0.752533
0.122820
0.721267
0.802299
0.163632
0.653899
0.300559
0.224765
0.425638
0.547760
0.409919
0.088148
0.689070
0.105337
0.950295
0.059876
0.391705
0.847030
0.881850
0.446882
0.215281
0.035582
0.460139
0.070638
0.135324
0.732083
0.460154
0.558390
0.914476
0.009267
0.627047
0.426289
0.924453
0.471080
0.421529
0.497459
0.134096
0.779011
0.493659
0.540172
0.955577
0.469069
0.181087
0.018807
0.167445
0.109917
0.258243
0.439013
0.262148
0.295624
0.128141
0.610759
0.775365
0.923856
0.174087
0.459621
0.434897
0.598333
0.153794
0.871124
0.919270
0.980542
0.316501
0.031660
0.460595
0.111116
0.944338
0.769204
0.395908
0.197260
0.282487
0.028239
0.258301
0.093909
0.941019
0.369607
0.718631
0.175112
0.436297
0.735426
0.975550
0.208501
0.957169
0.172814
0.442695
0.882657
0.439436
0.182653
0.616459
0.850506
0.847335
0.506764
0.027648
0.701113
0.494500
0.133853
0.380685
0.679704
0.979725
0.850143
0.937147
0.280839
0.947363
0.721574
0.406607
0.877852
0.413870
0.673899
0.414677
0.369057
0.543756
0.588505
0.817881
0.474868
0.864428
0.649420
0.110295
0.733561
0.480672
0.102381
0.955505
0.415240
0.600876
0.458494
0.696762
0.065967
0.559048
0.208613
0.402916
0.221843
0.157126
0.293748
0.610656
0.286661
0.725063
0.793428
0.383512
0.468964
0.975253
0.602085
0.226488
0.219157
0.528912
0.074574
0.129136
0.242315
0.453039
0.202184
0.733763
0.798276
0.498418
0.704911
0.802739
0.566530
0.486480
0.515171
0.334589
0.052935
0.953852
0.966428
0.103873
0.572983
0.615656
0.842059
0.338826
0.885230
0.775515
0.718789
0.831209
0.035683
0.698202
0.728200
0.306935
0.334015
0.123655
0.579080
0.799671
0.527043
0.616477
0.280555
0.133963
0.056119
0.490902
0.399837
0.747381
0.224050
0.285474
0.842651
0.927906
0.290090
0.557740
0.952647
0.339958
0.363255
0.702840
0.605191
0.851123
0.135528
0.252881
0.812594
0.317775
0.745879
0.915767
0.042222
0.592970
0.329178
0.036880
0.250146
0.425212
0.470846
0.194529
0.031120
0.445430
0.229362
0.346272
0.106468
0.813656
0.930239
0.399143
0.950260
0.087295
0.266607
0.104641
0.475524
0.624579
0.600080
0.805367
0.506962
0.804839
0.363142
0.387943
0.769797
0.844130
0.109780
0.179604
0.335351
0.246621
0.429930
0.659082
0.769206
0.421059
0.867909
0.152362
0.796423
0.118954
0.118515
0.072638
0.799769
0.020244
0.035750
0.323361
0.996755
0.511103
0.618186
0.200637
0.426147
0.873846
0.323293
0.247029
0.112799
0.773057
0.908569
0.397301
0.145420
0.329980
0.589743
0.567590
0.100625
0.227418
0.402209
0.816882
0.171224
0.031626
0.100977
0.209563
0.051637
0.279388
0.355420
0.288181
0.738863
0.872741
0.939977
0.428893
0.446879
0.234815
0.823851
0.326846
0.022004
0.821290
0.777971
0.626414
0.507396
0.011008
0.323090
0.713601
0.806209
0.893106
0.852912
0.250106
0.210542
0.298843
0.118886
0.526803
0.937821
0.487142
0.927147
0.947662
0.603089
0.594388
0.828505
0.782194
0.042068
0.858823
0.273218
0.397327
0.664033
0.855915
0.953913
0.332269
0.053326
0.249541
0.487716
0.825058
0.348354
0.751000
0.826988
0.426539
0.024617
0.177200
0.186341
0.250092
0.656537
0.094016
0.503024
0.847941
0.845388
0.928022
0.376652
0.258125
0.164578
0.802789
0.508093
0.993983
0.610608
0.851249
0.766677
0.945619
0.110016
0.782695
0.989141
0.416602
0.747309
0.693245
0.066496
0.691452
0.234480
0.427995
0.659881
0.178921
0.561073
0.558472
0.898340
0.038954
0.076483
0.510007
0.936433
0.315299
0.532698
0.260233
0.308095
0.919870
0.713693
0.321100
0.736869
0.098180
0.953737
0.502651
0.451510
0.341999
0.563703
0.378742
0.482007
0.706776
0.446967
0.365131
0.946430
0.578949
0.629223
0.920056
0.455159
0.106117
0.982341
0.034836
0.200051
0.989511
0.817204
0.010621
0.273830
0.917489
0.248819
0.995296
0.323013
0.817563
0.698931
0.494433
0.809769
0.055587
0.802497
0.968694
0.377186
0.249786
0.050203
0.049474
0.740034
0.157520
0.663309
0.991327
0.387166
0.966279
0.807225
0.498244
0.385716
0.503435
0.026690
0.103025
0.316872
0.776467
0.714114
0.310042
0.060674
0.609825
0.304630
0.306178
0.921020
0.793839
0.811490
0.934087
0.319082
0.796792
0.588622
0.688660
0.996847
0.693312
0.347668
0.256011
0.353313
0.041259
0.051387
0.457942
0.855078
0.346170
0.606231
0.086093
0.448450
0.588320
0.541905
0.559603
0.831749
0.254354
0.848691
0.737333
0.428394
0.097557
0.473642
0.446632
0.180347
0.577220
0.005224
0.481479
0.621269
0.057334
0.144340
0.998705
0.507645
0.434504
0.381397
0.074549
0.653501
0.265964
0.769726
0.166352
0.182101
0.620929
0.360449
0.685483
0.325114
0.070777
0.880597
0.488679
0.069224
0.036832
0.044683
0.122274
0.163600
0.823190
0.933274
0.502890
0.725300
0.874880
0.733978
0.443025
0.078234
0.418747
0.315919
0.402060
0.460646
0.900213
0.426591
0.084258
0.020886
0.021185
0.536509
0.664837
0.749683
0.883801
0.481975
0.874617
0.933548
0.611096
0.908236
0.075455
0.817128
0.876454
0.276583
0.062453
0.434387
0.833494
0.596164
0.488743
0.540171
0.466806
0.265983
0.738484
0.793529
0.510083
0.601168
0.530755
0.510465
0.205587
0.435668
0.092462
0.583077
0.244216
0.528685
0.982990
0.431680
0.244283
0.779164
0.062679
0.087967
0.987604
0.820370
0.118409
0.981158
0.354359
0.993728
0.693576
0.974151
0.026489
0.325014
0.682583
0.117325
0.461655
0.506946
0.080630
0.399123
0.458382
0.294611
0.561524
0.997566
0.074443
0.467337
0.839787
0.025925
0.213846
0.787827
0.075837
0.483969
0.282048
0.657637
0.200404
0.531330
0.447936
0.340005
0.291126
0.630854
0.318784
0.910266
0.795329
0.702866
0.464814
0.857324
0.130761
0.165214
0.089314
0.787779
0.685782
0.058167
0.994909
0.239078
0.784242
0.800033
0.060640
0.512912
0.500966
0.697815
0.655158
0.446775
0.816324
0.103245
0.523932
0.517086
0.112893
0.006408
0.243842
0.981586
0.348166
0.259443
0.639936
0.576560
0.557998
0.683394
0.694836
0.775719
0.641871
0.782367
0.929807
0.243537
0.029212
0.945551
0.657161
0.776749
0.286038
0.337435
0.872821
0.613553
0.276107
0.976965
0.707217
0.494972
0.410342
0.146546
0.215801
0.755903
0.589465
0.803077
0.242398
0.198107
0.567190
0.963712
0.164556
0.345897
0.572276
0.254098
0.962009
0.562275
0.707692
0.498376
0.960135
0.394385
0.262516
0.755498
0.776622
0.799632
0.503323
0.405040
0.406972
0.604258
0.849835
0.239445
